# Pressure [kPa], Volume_change [mm^2], Surface_tension [N/mm]
0.000000e+00 0.000000e+00 1.462029e-05
5.000000e-04 3.231985e-02 4.721034e-08
1.000000e-03 6.457892e-02 9.429723e-08
1.500000e-03 9.683359e-02 1.413431e-07
2.000000e-03 1.290837e-01 1.883478e-07
2.500000e-03 1.613294e-01 2.353114e-07
3.000000e-03 1.935705e-01 2.822340e-07
3.500000e-03 2.258071e-01 3.291157e-07
4.000000e-03 2.580393e-01 3.759564e-07
4.500000e-03 2.902669e-01 4.227563e-07
5.000000e-03 3.224900e-01 4.695154e-07
5.500000e-03 3.547087e-01 5.162337e-07
6.000000e-03 3.869228e-01 5.629114e-07
6.500000e-03 4.191325e-01 6.095484e-07
7.000000e-03 4.513377e-01 6.561449e-07
7.500000e-03 4.835383e-01 7.027009e-07
8.000000e-03 5.157346e-01 7.492164e-07
8.500000e-03 5.479263e-01 7.956915e-07
9.000000e-03 5.801136e-01 8.421263e-07
9.500000e-03 6.122964e-01 8.885207e-07
1.000000e-02 6.444747e-01 9.348750e-07
